151 11118101. ·· consumto XIV. 151

11111111 11111111111111111111 111111111111111 111· 111111 1111111111, revocari 11111 1111111,11111111111 ·
11111111111111111111111111111111111111111· 111111111111111111, 111 111 11111111111111, 111 atr
porc, 11111 11111111111111111111111111 1111111111· toruum 11111111 1111111111. 1111 propter 11111111
111111 11111 11νὴ11111, 1111 ἀναχωμῐν 111111111- 111111111111111 1111111111. 81 11111111111111111111111
1111111, 111 1111111111111 111ζ11111, 111 111111 1111111111, commeatum 11111111111111111111 acts
111111111111.1111111111111111111111111111, 1111111111111,1111111111 111111 1111111 111·
111 11 1111111111 1111111111. ’11111111 11111111 111111.111111111111111 111111111111111111111111111

1111111 11 apim, 11111111 1χ1111ς11111111111 11111111111111 11 tr 111111 11111111 1111111111·

1111 1111 1111111111 1111111111 1111111 1111111111 11111111111111111 11111111111111,11111 1111111111
’11 mmm 1111111111· 111111111111111· 1111111111, 111111111111111111111111111111111 1111111111

11111111 1111111111Ἢ111111111111111111111· 1111111111111111111111111 11111111111111,11 ’

1111111111 11111 ’11111111 11111111111111111 ‘m‘ 111111111111111111111111 111111. Natu 111111111-
111111 11111111111111 11111 11 11 1111 1111111111 1111111 tetri 1111111111111111 prodire 1111111111-
1111111111111 111111 1111111111 1111111111 11· 1111111111111111111 1111111111 1111111111 11111111111
W 1111111111· ’0111 11111111 11111111 111111 11111111111111111111111 salutare 1111111111111
11111 1111111111111111· 11111 1111 11111 111111 Β 11111 111111. inopia 111111 11 1111111111 1111111111·
111111 1111111111 111 11111111 1111111 111111 ²²⁸· 11110111111111111111111111111111111111111111111
m 1111111111 11111111 1111 1111111111 111· 11111111111111111111111111111111111 1111111,1111111
11111111111111111111111111111111111111111111 111111 1111111111, 11 1111111111 111111 rucrint.

· 1111111111 111111111111111111111111111. 'mim 1111111 1111111 11111 111111 cccccccccc 11111·
11111111 111111 111 11111111 11111111, 11 1111111111111111, 1111111111 111 1111 11111111 1111 1111111111
111111111111

ιζ’. Et& 11111111 πρώτην 11111111 1111111111· 11. 81 111111 111111111111111111 1111111111111
11111111 1111111111 1111111 11111111 1111111111111, 111111 cadat, 1111111111,ἱ 11111111 11111 111111
Qtpta 111111111111111111111 1111 1111111111 1111 11111111,1111111 1111111 ternpore ¹ ·
11111111111111111111 1111111111111111111, 11111111111111111111111111111111111,1111111 s
ᾖξρυν 1111 11111111 1111111111111111111111111 111111111111 aa 1111111111111111 1111111111111111
11111 1 11111111 11111 111 &mmm 11111111111111111111111111111111111111111
111111.11111111’1“11111111111111111,11 cepam, 1111111 111111111111111111 11111111 1111111111
1111111111111111111111.111111111111111111χ1- 1111111 1111111 accepta 11111111 potest. 1111111
1111111 1111111111 111111 1111111111111-1111 11111111 111111 111 111, 11 11111111 1111111111. 111111
immutat. 2111111111 1111111111 Ῥωμαίοις etiam 11 1111111 1111111111 11111111. 111111111111111
aarum. ’11111 11 1111 11111111 111111111111111,111 1111111111· 1111111111 dignitatem 11111111 1111111 11
111111111111111111111111111111 1111111ς μάχης 1111111111111111, 1111111111 tamen 1111111111 11111ιέ
11111111111111, 1111 1111111111νὼ 11111111 1111 1111 1111111111,1111111111111111111 1111111111
111111111111111111 1111111111111 81111111 μᾰχῄν 11111111 11111111 111111 11111,1111111111111111111
1111111 1111111111 111 111111111111111 ct decretur 11111, 111111111111111111111111111 111111·
1111111111 11χόμ1ν11 111111111111111111. rationemque 1111111.

111’.111χ11111111111111 cccccccccc< χωρὶς 18. ltaque 1111 11111 ac 111111111111111,11
111 1111111111 11111111 1116111111 μάχην 111111 1111111 coram 11111111111111111111111111 1111
11111111 111111 111 11111τὰ1111. 1111 Q 11111111111111111111111 111111111111111111111111,
&Q amttctc xccpccxontrv 11111 1111111111, 1111111111111111,11111111111111111111 111111
11111111111111ῖ11111ῖχ1111ζ11311111· 11111 1111111 111111111111111 11111 dictum, post
111 &Mu 111111ίᾶ1111ψὸ arperht 11111111, sugam, pugnarn redintegrabis, ut 111 1111111111111· ’1
1111ῌΣ1ν 11111111111111111111· 11111111 111111 1111111 1111111111 exercitur 1111111, atquc 111111111 ⁸
1111111111 1111111111111111, 11 1111111111 111 11111111 1111111111 111111111111111,11111111111111 ·
11111 1111111. 111111 sape attans 11 audeat, 1111111111 111·

· 11111111 111111 111111 tuerit.

W· ’111 11 11111111 11111111 1111111111 11111 tc. 811 post 1111111111 1111111111 11111111 ta·
11111111111111 &Mur 111 111 1111111111 11111 1111 1111111111 1111111111, prima 11111 111111 11111
&arumnorum 11111111111111111,111 profligata 11 1111111111 111111 1111111111 1111
111 111111111ῑὶ 1111111111 111111111111111111 1111111111111111111111111 11111111111111111
1111111111 111111 11 111111· ”wipo 11111111 11111111 11111111 traducatur. 111111 11111111 111111
1111 11111111111111111111 11111111· prima 111, 1111 111 11111111 111111111 1111 111111.

11· ’111111111111111111 111 11111111 1111 1111 11. 1111111111111111 tetri 111111 1111111111· ⁴
1111111111 11111111 111 111111111111111111 Mt 1111111111 11111 111, 11111 11111111111111111111
1111111111 111111ρό1111 rotatae mmm, 111 11111 11111111 11111111 exspectetar: 111, 1111111
11111111111111111111111 τῶν 111111 ritant. 11111 111, 1111111111 11 11111111 11111111, 111111
11111 1111111111 111 111111111111111111111, 111 11111111111111111 1111 111, scd 1111111111 1111111

 

