11 11011181Η110801Η1, U
nono 1111111111 11111, 111 111 1111111 oon-Annon 11 111111111111111, 11111 mou 11·

11111 11111111 1111 11111111, 11 1111 1111111111· 1111111111 11111111 1111111111· 1111111111,Ι 11 -

111111 111111 1111,11111111;111111111 111111 11· 1111111111 111111 111111 onemo 11111·
11111111 1111111 1111111111 onom 1111111111· 111111 11111111 11111111 11111 poma plna
111. 11111 111111 111111111 1111111 11111111, 111111111111, 11 1111111 mon ndnlw
11111 nonno 11111111 11111111, 1111111111· 1111111111 111111 11111111 111 1111111111·
111111 111111 1111111111111111111 (11111111 111111111111, 111111111111111111 1111· ,
11 (1111111111 11111. 0111 loquoris? 11111 1111 11111, 11111111111111 1111111111, 11111 111 1111·
11111111111110111 111111 11111111, 11111- nno, 111111111111 11111111 11111 111111. 1111
111 111 1111111111. 1111 dominationis 1111111 11111 111111111111.(1111111111111111,111μ1111·
11111111111111111 1111111111 commoneo, 111, 111 1111111111 11111111. 1111111111 11111-
1111111111111 111111 torono 111111. on 111111- 111, 1111111 1111 11111111 1111111111. 11111-
11111 111111111111111 1111111 1111 111111 111· om 1111111111 11111 1111111111 1111111 1111·
tono 11111, 1111111 11111, 11111 1111111 11111- 11111111111,1111111,’1111 1111111, 11 11111
1111111111111111011111111111 odon 111111 1111 1111111, 1111111111 1111, 1111 1111111111-
11 11111111, 11111111 11111111111111111111181111 11111111. 11 1111111111 1111111111 111-’-
1111111111 111111, eo 111111 11111 1111111 ln· 1111. 111111 111 nono 1111111, 11111111 1111
1111111 1111111111111 (1111 811 11111, 111 1111111, 11111111111111111111111111111111171,1111111·
11 laudationem 1111111111 111111 1111111111· 1111111 11 pomona, nunna 1111111111 sm 111·
111111111111.1111 nonen 1111111111 nan 1111111111 11111111111111 mn w·
111111111111111111 peraget, 11111111 mm. cerdonis 1111111111111111111,11111111111
111111, 11111111 111111111111,111 1111, 111111, Spiritus 111111111ς 1111 11111111111111 111111·-
11111111111 11111111 11111111,11111111 1111 ιη 1111111, 1111 1111111 111 11111111111111111
11111 1111111111, 1111111111111111111 quondo , nonni. 11111 mmm 11111111 mmm ⁶⁸·
11 11111 1111111111 11111111111111111111· 111111 monim. 1111111111111111111 11·
111111 11111111111111111111111111111111111- 1111111111111111111111010111111111 1111111111·
11111111 1111111, 111111 11111111111111 11- ⁴⁰¹ 11111111· ⁸¹²2 ⁸0⁴¹ 1111111111 “ww
1111111111 11 oon, 1111111111 111111111 11111111. “mmm 111111 1111111111111111· 1111111111
11111111 111111 11 1111111 torono persequitur 111· 11111. 1111111111 1111111111 &mm 111101· ⁰9⁰1·
1111111 11111111 11111111 111111 1 quo 111110Ι 11111 1111 1111111111 incolentibus 1111 111-
111111111111111111111111111 1111111111 111- 11111111 11111 1111111 111111 1111111111, dor
1111111111 11111111111111111 1111, 11111111 no· 1111111 11111 111111 1111111111 111111 1111111,
111111. Oportebat 11111 Dentonem 111111111- bomon 1111111 ww» 11 ww 11111111 ⁰⁸⁸·
11111111 11111111, 1111111111111 1111111111 11 111111111111111111111111111111111111111111ν
111111 onnon 11 ’1111111111 1111111, 1 111111· 11111111111111111111111111111111111111111-
111 11111111 fronton 11111111111111111111111 111, 111111111111111 11111 1111111111 1111111111 111-
11 1111 1111111ω1111 1111 11111111111111111- 11111. 1111 81111111111111111111111111111·
11111111 11111111,111111 11111111111111- 1111111 11 111 11111111, 11111118111111111
nolon, 11111111 111111111111111 1111111111, 11111111“.11111111111111111111111111111111
11111111111111111 11111 colonos. 811 1111 11111111 111111, 11 111111111111111111111111·
11 1111111 11 111111111111111. unigenit! 111· 1111111111111111. 1111111 ⁸1³⁰ 1111111 11111111· “
’1111111 11111111, 111111111111111 1111111111 nvn 1111111111111111111111111111111111111
rodim 11111111 111111 1 1111111 111111 oon· 111111111111111 1111 11111. nono 1111111111
11111111. 81111111111111 1111111,11111111111 1111111 11111111 1111111111.1111111111 111111
1111111111. 1111 11 111111111111111111111, nonensem ’1,111111111111111111111111111,11
11111111111,111111111111111111111111111111111 11 1111111111ο111,1111111111111111111111.
11111111111111111111111111111, 111111 11111· 011111 1111111 1111111111,11111111111 11111111,
111 1111111111 1111111111111111111.111,11111· 1111111111 1111111111 1111111111 1111111111

'’Exod. 11,1 neon. nom

(11111111111111. 111 11111111 11111 11111111 1111111111, 111111111111111 11111111 1111111111
1111 11111 1111111111 1111111111 1 8111111111 11111111 1.1,1111111, n. 17. 811 1. ψ
111. 11 111111111111 . 1 111111. 1111111111, , (111111111111111, ot 1111111111.11111.111·
11 1111111111 11 81111111 111. 1111111 1, 111. 1, nono 11111, 11111111111111111111111 poton. 11·
111110111111111111. ¹, 111 1111 8. 1111 11111111, 11 1111111111 11

(11)(11111111111111111111111111 1111 aennon 111· 11111 111111111111111111111 111111111111111, 11
11111 1111111111 onnonnonnunnnnt:

1111111111 1111111111 1111111111111111111 111 111111111101111111111111111111111111-
1111111, 11111111 1111111111111 1111111 11 11111111 111

111111 11 81111111 monumentis 1111111 nond 111 1111111 111111 11111111 1111111111111111111
1111111111, 11111 111111 1111. nogion 1 1111111 11111111111111111111111111111.

11 1111111111 nonno 1111111111 noy-onnon

 

